WELCOME 0 0 0 1 1 |renamed
ZONE 0 30 17 |222222222222222222222222222222201010110020020000001030000232200000002200200000022002000002202000000000000001511040200012200000000f001101001100400210322000000000000100010444444400022040000000000000130444444400222244440000000000020444444400022444444444444444444444444444c2204444050000200001044444440002204444000010010003244444440002200001010000003030044444440002200000000001003000003040010002200000000002000200020042000002200100000000000020020040003002210020000000000000010010000002222222222222222222222222222222
PLR 3 |renamed
PLR 2 |Étoile
PLR 1 |observer
PLR 3 |renamed
EV |renamed has entered the realm!
SNAP 25 0 3 3 4 8 1 0 1 35 35 1 0 2 1 0 0 0 2 4 8 1 0 1 35 35 1 0 2 1 0 0 0 1 4 8 1 0 1 35 35 1 0 2 1 0 0 0 10 1 6 0 22 9 450 450 109 0 0 22 11 18 18 108 1 0 9 10 28 28 107 0 0 27 9 18 18 106 0 0 25 2 18 18 105 0 0 14 7 18 18 104 0 0 28 11 18 18 103 0 0 14 8 18 18 102 1 0 25 13 28 28 101 0 0 17 5 18 18
ME 3 35 35 0 25 10 1 0 3 3 3 0 0 0 0 0 0 0 0 0 0 0 0 0 0 1 0 6 1 0 0 0 0 0 0 0 0 0 0 0 0 0 0 0 0 0 0
SNAP 26 0 3 3 4 8 1 0 1 35 35 1 0 2 1 0 0 0 2 4 8 1 0 1 35 35 1 0 2 1 0 0 0 1 4 8 1 0 1 35 35 1 0 2 1 0 0 0 10 1 6 0 22 9 450 450 109 0 0 22 11 18 18 108 1 0 9 10 28 28 107 0 0 27 9 18 18 106 0 0 25 2 18 18 105 0 0 14 7 18 18 104 0 0 28 11 18 18 103 0 0 14 8 18 18 102 1 0 25 12 28 28 101 0 0 17 5 18 18
