ERR |create rejected
ERR |that name is empty or too long
ERR |that name is empty or too long
WELCOME 0 0 0 1 1 |alpha
WELCOME 0 0 0 1 1 |Étoile
PLR 1 |observer
EV |observer has entered the realm!
ZONE 0 30 17 |222222222222222222222222222222201010110020020000001030000232200000002200200000022002000002202000000000000001511040200012200000000f001101001100400210322000000000000100010444444400022040000000000000130444444400222244440000000000020444444400022444444444444444444444444444c2204444050000200001044444440002204444000010010003244444440002200001010000003030044444440002200000000001003000003040010002200000000002000200020042000002200100000000000020020040003002210020000000000000010010000002222222222222222222222222222222
PLR 2 |Étoile
PLR 1 |observer
PLR 2 |Étoile
EV |Étoile has entered the realm!
SNAP 10 0 2 2 4 8 1 0 1 35 35 1 0 2 1 0 0 0 1 4 8 1 0 1 35 35 1 0 2 1 0 0 0 10 1 6 0 21 8 450 450 109 0 0 21 12 18 18 108 1 0 9 10 28 28 107 0 0 26 8 18 18 106 0 0 25 2 18 18 105 0 0 15 8 18 18 104 0 0 28 9 18 18 103 0 0 13 9 18 18 102 1 0 26 13 28 28 101 0 0 18 4 18 18
ME 2 35 35 0 25 10 1 0 3 3 3 0 0 0 0 0 0 0 0 0 0 0 0 0 0 1 0 6 1 0 0 0 0 0 0 0 0 0 0 0 0 0 0 0 0 0 0
EV |Étoile: before_repeated_hello
BUBBLE 2 |before_repeated_hello
SNAP 11 0 2 2 4 8 1 0 1 35 35 1 0 2 1 0 0 0 1 4 8 1 0 1 35 35 1 0 2 1 0 0 0 10 1 6 0 21 8 450 450 109 0 0 22 12 18 18 108 1 0 9 10 28 28 107 0 0 26 8 18 18 106 0 0 25 2 18 18 105 0 0 15 8 18 18 104 0 0 28 9 18 18 103 0 0 13 9 18 18 102 1 0 26 13 28 28 101 0 0 17 4 18 18
ME 2 35 35 0 25 10 1 0 3 3 3 0 0 0 0 0 0 0 0 0 0 0 0 0 0 1 0 6 1 0 0 0 0 0 0 0 0 0 0 0 0 0 0 0 0 0 0
ERR |already playing
SNAP 12 0 2 2 4 8 1 0 1 35 35 1 0 2 1 0 0 0 1 4 8 1 0 1 35 35 1 0 2 1 0 0 0 10 1 6 0 21 8 450 450 109 0 0 22 12 18 18 108 1 0 10 10 28 28 107 0 0 26 8 18 18 106 0 0 25 2 18 18 105 0 0 15 8 18 18 104 0 0 28 9 18 18 103 0 0 13 9 18 18 102 1 0 26 13 28 28 101 0 0 17 4 18 18
ME 2 35 35 0 25 10 1 0 3 3 3 0 0 0 0 0 0 0 0 0 0 0 0 0 0 1 0 6 1 0 0 0 0 0 0 0 0 0 0 0 0 0 0 0 0 0 0
PONG 100
SNAP 13 0 2 2 4 8 1 0 1 35 35 1 0 2 1 0 0 0 1 4 8 1 0 1 35 35 1 0 2 1 0 0 0 10 1 6 0 21 8 450 450 109 0 0 22 12 18 18 108 1 0 10 10 28 28 107 0 0 27 8 18 18 106 0 0 25 2 18 18 105 0 0 15 8 18 18 104 0 0 28 9 18 18 103 0 0 13 9 18 18 102 1 0 26 13 28 28 101 0 0 17 4 18 18
ME 2 35 35 0 25 10 1 0 3 3 3 0 0 0 0 0 0 0 0 0 0 0 0 0 0 1 0 6 1 0 0 0 0 0 0 0 0 0 0 0 0 0 0 0 0 0 0
EV |Étoile: after_hello_0
BUBBLE 2 |after_hello_0
SNAP 14 0 2 2 4 8 1 0 1 35 35 1 0 2 1 0 0 0 1 4 8 1 0 1 35 35 1 0 2 1 0 0 0 10 1 6 0 21 8 450 450 109 0 0 22 12 18 18 108 1 0 10 10 28 28 107 0 0 27 8 18 18 106 0 0 25 3 18 18 105 0 0 15 8 18 18 104 0 0 28 9 18 18 103 0 0 13 9 18 18 102 1 0 26 13 28 28 101 0 0 17 4 18 18
ME 2 35 35 0 25 10 1 0 3 3 3 0 0 0 0 0 0 0 0 0 0 0 0 0 0 1 0 6 1 0 0 0 0 0 0 0 0 0 0 0 0 0 0 0 0 0 0
ERR |already playing
SNAP 15 0 2 2 4 8 1 0 1 35 35 1 0 2 1 0 0 0 1 4 8 1 0 1 35 35 1 0 2 1 0 0 0 10 1 6 0 21 9 450 450 109 0 0 22 12 18 18 108 1 0 10 10 28 28 107 0 0 27 8 18 18 106 0 0 25 3 18 18 105 0 0 14 8 18 18 104 0 0 28 9 18 18 103 0 0 13 9 18 18 102 1 0 26 13 28 28 101 0 0 17 4 18 18
ME 2 35 35 0 25 10 1 0 3 3 3 0 0 0 0 0 0 0 0 0 0 0 0 0 0 1 0 6 1 0 0 0 0 0 0 0 0 0 0 0 0 0 0 0 0 0 0
PONG 101
SNAP 16 0 2 2 4 8 1 0 1 35 35 1 0 2 1 0 0 0 1 4 8 1 0 1 35 35 1 0 2 1 0 0 0 10 1 6 0 21 9 450 450 109 0 0 22 12 18 18 108 1 0 10 10 28 28 107 0 0 27 8 18 18 106 0 0 25 3 18 18 105 0 0 14 8 18 18 104 0 0 28 10 18 18 103 0 0 13 9 18 18 102 1 0 26 13 28 28 101 0 0 17 4 18 18
ME 2 35 35 0 25 10 1 0 3 3 3 0 0 0 0 0 0 0 0 0 0 0 0 0 0 1 0 6 1 0 0 0 0 0 0 0 0 0 0 0 0 0 0 0 0 0 0
EV |Étoile: after_hello_1
BUBBLE 2 |after_hello_1
SNAP 17 0 2 2 4 8 1 0 1 35 35 1 0 2 1 0 0 0 1 4 8 1 0 1 35 35 1 0 2 1 0 0 0 10 1 6 0 21 9 450 450 109 0 0 22 12 18 18 108 1 0 10 10 28 28 107 0 0 27 8 18 18 106 0 0 25 3 18 18 105 0 0 14 8 18 18 104 0 0 28 10 18 18 103 0 0 14 9 18 18 102 1 0 26 13 28 28 101 0 0 17 4 18 18
ME 2 35 35 0 25 10 1 0 3 3 3 0 0 0 0 0 0 0 0 0 0 0 0 0 0 1 0 6 1 0 0 0 0 0 0 0 0 0 0 0 0 0 0 0 0 0 0
ERR |already playing
SNAP 18 0 2 2 4 8 1 0 1 35 35 1 0 2 1 0 0 0 1 4 8 1 0 1 35 35 1 0 2 1 0 0 0 10 1 6 0 21 9 450 450 109 0 0 22 12 18 18 108 1 0 10 10 28 28 107 0 0 27 8 18 18 106 0 0 25 3 18 18 105 0 0 14 8 18 18 104 0 0 28 10 18 18 103 0 0 14 9 18 18 102 1 0 25 13 28 28 101 0 0 17 4 18 18
ME 2 35 35 0 25 10 1 0 3 3 3 0 0 0 0 0 0 0 0 0 0 0 0 0 0 1 0 6 1 0 0 0 0 0 0 0 0 0 0 0 0 0 0 0 0 0 0
PONG 102
SNAP 19 0 2 2 4 8 1 0 1 35 35 1 0 2 1 0 0 0 1 4 8 1 0 1 35 35 1 0 2 1 0 0 0 10 1 6 0 21 9 450 450 109 0 0 22 11 18 18 108 1 0 10 10 28 28 107 0 0 27 8 18 18 106 0 0 25 3 18 18 105 0 0 14 8 18 18 104 0 0 28 10 18 18 103 0 0 14 9 18 18 102 1 0 25 13 28 28 101 0 0 17 5 18 18
ME 2 35 35 0 25 10 1 0 3 3 3 0 0 0 0 0 0 0 0 0 0 0 0 0 0 1 0 6 1 0 0 0 0 0 0 0 0 0 0 0 0 0 0 0 0 0 0
EV |Étoile: after_hello_2
BUBBLE 2 |after_hello_2
SNAP 20 0 2 2 4 8 1 0 1 35 35 1 0 2 1 0 0 0 1 4 8 1 0 1 35 35 1 0 2 1 0 0 0 10 1 6 0 21 9 450 450 109 0 0 22 11 18 18 108 1 0 9 10 28 28 107 0 0 27 8 18 18 106 0 0 25 3 18 18 105 0 0 14 8 18 18 104 0 0 28 10 18 18 103 0 0 14 9 18 18 102 1 0 25 13 28 28 101 0 0 17 5 18 18
ME 2 35 35 0 25 10 1 0 3 3 3 0 0 0 0 0 0 0 0 0 0 0 0 0 0 1 0 6 1 0 0 0 0 0 0 0 0 0 0 0 0 0 0 0 0 0 0
ERR |create rejected
SNAP 21 0 2 2 4 8 1 0 1 35 35 1 0 2 1 0 0 0 1 4 8 1 0 1 35 35 1 0 2 1 0 0 0 10 1 6 0 21 9 450 450 109 0 0 22 11 18 18 108 1 0 9 10 28 28 107 0 0 27 9 18 18 106 0 0 25 3 18 18 105 0 0 14 8 18 18 104 0 0 28 10 18 18 103 0 0 14 9 18 18 102 1 0 25 13 28 28 101 0 0 17 5 18 18
ME 2 35 35 0 25 10 1 0 3 3 3 0 0 0 0 0 0 0 0 0 0 0 0 0 0 1 0 6 1 0 0 0 0 0 0 0 0 0 0 0 0 0 0 0 0 0 0
EV |Étoile: after_duplicate_create
